mlp = [0.023247607, 0.014356669, 0.0135581475, 0.012564473, 0.012115602, 0.010049683, 0.009325102, 0.009064125, 0.007739864, 0.0075026294, 0.0073862947, 0.007210679, 0.0070657646, 0.0062178555, 0.0056320643, 0.0054395553, 0.005268827, 0.0050810794, 0.0031496142]
ipnn = [0.027631503, 0.014782149, 0.012958493, 0.0120807635, 0.011889749, 0.009702757, 0.009607976, 0.0073371176, 0.0072315424, 0.0069291, 0.0065841763, 0.006157991, 0.0049522826, 0.0046759914, 0.0031964967, 0.003192961, 0.0019372273, 0.0018209473, 0.0006681722]
fm = [0.022109373, 0.014290156, 0.014019048, 0.012838228, 0.011057898, 0.010894461, 0.01007993, 0.010071381, 0.009818837, 0.0097520845, 0.009457377, 0.009100895, 0.008913092, 0.0075484784, 0.006767017, 0.005468934, 0.005102824, 0.003989942, 0.0038300075]
lr = [0.022241117, 0.022096768, 0.021161005, 0.021071568, 0.020160737, 0.019645965, 0.01929296, 0.018316636, 0.018310778, 0.01726826, 0.017096967, 0.014176544, 0.013890382, 0.011071431, 0.010396447, 0.009528853, 0.008543863, 0.007175311, 0.006823742]